{
  "advancedEditorSelectedIdentifier" : "ShaderGraphEditorPluginID",
  "openSceneRelativePaths" : [
    "Materials.usda"
  ],
  "recentIdentifiers" : {
    "26DBAE76-5DD8-47B6-A085-1B4ADA111097" : [

    ],
    "47FFB772-717A-4B6A-95EA-437017B7FE36" : [

    ],
    "E8CDD387-C876-49A4-A50A-027D3FC41E0D" : [

    ]
  },
  "sceneCameraHistory" : {
    "26DBAE76-5DD8-47B6-A085-1B4ADA111097" : [
      {
        "date" : 768965368.983135,
        "title" : "Untitled",
        "transform" : [
          1,
          0,
          0,
          0,
          0,
          0.7071069,
          -0.70710677,
          0,
          0,
          0.70710677,
          0.7071069,
          0,
          0,
          0.18377328,
          0.1837733,
          1
        ]
      }
    ],
    "47FFB772-717A-4B6A-95EA-437017B7FE36" : [
      {
        "date" : 768967687.551369,
        "title" : "Untitled",
        "transform" : [
          1,
          0,
          -0,
          0,
          -0,
          0.7071069,
          -0.7071067,
          0,
          0,
          0.7071067,
          0.7071069,
          0,
          0,
          0.120766394,
          0.12076643,
          1
        ]
      },
      {
        "date" : 768964630.949405,
        "title" : "Untitled",
        "transform" : [
          1,
          0,
          -0,
          0,
          -0,
          0.7071069,
          -0.7071067,
          0,
          0,
          0.7071067,
          0.7071069,
          0,
          1.1920929e-07,
          0.11097407,
          0.11097419,
          1
        ]
      }
    ],
    "E8CDD387-C876-49A4-A50A-027D3FC41E0D" : [
      {
        "date" : 769363950.467313,
        "title" : "Untitled",
        "transform" : [
          -0.8404328,
          -1.2711672e-08,
          -0.54191583,
          0,
          -0.09948348,
          0.9830052,
          0.15428479,
          0,
          0.5327059,
          0.18357761,
          -0.8261498,
          0,
          0.7003971,
          0.5188952,
          -0.9422744,
          1
        ]
      },
      {
        "date" : 769363939.133621,
        "title" : "Untitled",
        "transform" : [
          -0.8373497,
          -1.5563701e-08,
          -0.54666764,
          0,
          -0.14610948,
          0.9636208,
          0.22380131,
          0,
          0.5267801,
          0.26727322,
          -0.8068876,
          0,
          0.67901254,
          0.61753005,
          -0.89737844,
          1
        ]
      },
      {
        "date" : 769342105.922911,
        "title" : "Untitled",
        "transform" : [
          -0.8373496,
          -1.55637e-08,
          -0.5466676,
          0,
          -0.14610948,
          0.9636208,
          0.22380131,
          0,
          0.5267801,
          0.26727322,
          -0.8068876,
          0,
          1.2082165,
          1.0988164,
          -1.5967709,
          1
        ]
      },
      {
        "date" : 769342098.632588,
        "title" : "Untitled",
        "transform" : [
          -0.6886455,
          -8.812954e-09,
          -0.72509813,
          0,
          0.05207939,
          0.9974174,
          -0.049460936,
          0,
          0.72322536,
          -0.07182378,
          -0.68686706,
          0,
          1.7274426,
          0.36424974,
          -1.4491813,
          1
        ]
      },
      {
        "date" : 769342091.371645,
        "title" : "Untitled",
        "transform" : [
          -0.6886455,
          -8.812954e-09,
          -0.72509813,
          0,
          0.05207939,
          0.9974174,
          -0.049460936,
          0,
          0.72322536,
          -0.07182378,
          -0.68686706,
          0,
          6.4627614,
          1.3627425,
          -5.421721,
          1
        ]
      },
      {
        "date" : 769342089.399171,
        "title" : "Untitled",
        "transform" : [
          -0.695879,
          -1.9058378e-08,
          -0.718159,
          0,
          -0.18002836,
          0.9680699,
          0.17444348,
          0,
          0.69522804,
          0.25068048,
          -0.6736596,
          0,
          5.7782845,
          3.9819415,
          -4.8759604,
          1
        ]
      },
      {
        "date" : 769330664.468229,
        "title" : "Untitled",
        "transform" : [
          -0.695879,
          -1.9058378e-08,
          -0.718159,
          0,
          -0.18002836,
          0.9680699,
          0.17444348,
          0,
          0.6952281,
          0.2506805,
          -0.6736597,
          0,
          7.5261555,
          5.1864376,
          -6.3508883,
          1
        ]
      },
      {
        "date" : 769330657.896285,
        "title" : "Untitled",
        "transform" : [
          0.8477775,
          -1.2974983e-08,
          -0.5303522,
          0,
          -0.31627986,
          0.80271876,
          -0.5055786,
          0,
          0.42572373,
          0.59635776,
          0.6805268,
          0,
          4.0189223,
          8.8524275,
          7.9316134,
          1
        ]
      },
      {
        "date" : 769330625.2167,
        "title" : "Untitled",
        "transform" : [
          0.8477775,
          -1.2974983e-08,
          -0.5303522,
          0,
          -0.31627986,
          0.80271876,
          -0.5055786,
          0,
          0.42572373,
          0.59635776,
          0.6805268,
          0,
          1.853151,
          4.0819116,
          3.657318,
          1
        ]
      },
      {
        "date" : 769330620.481152,
        "title" : "Untitled",
        "transform" : [
          0.8477775,
          -1.2974983e-08,
          -0.5303522,
          0,
          -0.31627986,
          0.80271876,
          -0.5055786,
          0,
          0.42572373,
          0.59635776,
          0.6805268,
          0,
          1.4931018,
          3.288836,
          2.9467368,
          1
        ]
      }
    ]
  },
  "sceneViewportBackgroundColors" : {

  },
  "selectedSceneRelativePath" : "Materials.usda"
}