{
  "advancedEditorSelectedIdentifier" : "ShaderGraphEditorPluginID",
  "openSceneRelativePaths" : [
    "Materials.usda"
  ],
  "recentIdentifiers" : {
    "26DBAE76-5DD8-47B6-A085-1B4ADA111097" : [

    ],
    "47FFB772-717A-4B6A-95EA-437017B7FE36" : [

    ],
    "E8CDD387-C876-49A4-A50A-027D3FC41E0D" : [

    ]
  },
  "sceneCameraHistory" : {
    "26DBAE76-5DD8-47B6-A085-1B4ADA111097" : [
      {
        "date" : 768965368.983135,
        "title" : "Untitled",
        "transform" : [
          1,
          0,
          0,
          0,
          0,
          0.7071069,
          -0.70710677,
          0,
          0,
          0.70710677,
          0.7071069,
          0,
          0,
          0.18377328,
          0.1837733,
          1
        ]
      }
    ],
    "47FFB772-717A-4B6A-95EA-437017B7FE36" : [
      {
        "date" : 768967687.551369,
        "title" : "Untitled",
        "transform" : [
          1,
          0,
          -0,
          0,
          -0,
          0.7071069,
          -0.7071067,
          0,
          0,
          0.7071067,
          0.7071069,
          0,
          0,
          0.120766394,
          0.12076643,
          1
        ]
      },
      {
        "date" : 768964630.949405,
        "title" : "Untitled",
        "transform" : [
          1,
          0,
          -0,
          0,
          -0,
          0.7071069,
          -0.7071067,
          0,
          0,
          0.7071067,
          0.7071069,
          0,
          1.1920929e-07,
          0.11097407,
          0.11097419,
          1
        ]
      }
    ],
    "E8CDD387-C876-49A4-A50A-027D3FC41E0D" : [
      {
        "date" : 769330664.468229,
        "title" : "Untitled",
        "transform" : [
          -0.695879,
          -1.9058378e-08,
          -0.718159,
          0,
          -0.18002836,
          0.9680699,
          0.17444348,
          0,
          0.6952281,
          0.2506805,
          -0.6736597,
          0,
          7.5261555,
          5.1864376,
          -6.3508883,
          1
        ]
      },
      {
        "date" : 769330657.896285,
        "title" : "Untitled",
        "transform" : [
          0.8477775,
          -1.2974983e-08,
          -0.5303522,
          0,
          -0.31627986,
          0.80271876,
          -0.5055786,
          0,
          0.42572373,
          0.59635776,
          0.6805268,
          0,
          4.0189223,
          8.8524275,
          7.9316134,
          1
        ]
      },
      {
        "date" : 769330625.2167,
        "title" : "Untitled",
        "transform" : [
          0.8477775,
          -1.2974983e-08,
          -0.5303522,
          0,
          -0.31627986,
          0.80271876,
          -0.5055786,
          0,
          0.42572373,
          0.59635776,
          0.6805268,
          0,
          1.853151,
          4.0819116,
          3.657318,
          1
        ]
      },
      {
        "date" : 769330620.481152,
        "title" : "Untitled",
        "transform" : [
          0.8477775,
          -1.2974983e-08,
          -0.5303522,
          0,
          -0.31627986,
          0.80271876,
          -0.5055786,
          0,
          0.42572373,
          0.59635776,
          0.6805268,
          0,
          1.4931018,
          3.288836,
          2.9467368,
          1
        ]
      },
      {
        "date" : 768981932.177959,
        "title" : "Untitled",
        "transform" : [
          0.8477775,
          -1.2974983e-08,
          -0.5303522,
          0,
          -0.31627986,
          0.80271876,
          -0.5055786,
          0,
          0.42572373,
          0.59635776,
          0.6805268,
          0,
          0.7898737,
          1.7398446,
          1.5588688,
          1
        ]
      },
      {
        "date" : 768981930.023668,
        "title" : "Untitled",
        "transform" : [
          0.81061363,
          -3.930454e-09,
          -0.5855814,
          0,
          -0.47344333,
          0.5884948,
          -0.6553818,
          0,
          0.3446117,
          0.80850095,
          0.47704187,
          0,
          0.5418627,
          2.1795151,
          1.0183957,
          1
        ]
      },
      {
        "date" : 768981847.918832,
        "title" : "Untitled",
        "transform" : [
          0.9124376,
          -6.5132078e-09,
          -0.40921584,
          0,
          -0.2923769,
          0.6996555,
          -0.6519187,
          0,
          0.2863102,
          0.71448034,
          0.638392,
          0,
          0.44885898,
          1.9904724,
          1.384766,
          1
        ]
      },
      {
        "date" : 768981839.995403,
        "title" : "Untitled",
        "transform" : [
          0.746929,
          6.845813e-11,
          0.6649038,
          0,
          0.16034795,
          0.97048545,
          -0.18012942,
          0,
          -0.64527935,
          0.24115977,
          0.72488374,
          0,
          -1.6308975,
          0.935218,
          1.5957983,
          1
        ]
      },
      {
        "date" : 768981739.801444,
        "title" : "Untitled",
        "transform" : [
          0.72223043,
          6.3409766e-09,
          0.6916525,
          0,
          0.31188866,
          0.892558,
          -0.32567754,
          0,
          -0.6173399,
          0.4509328,
          0.64463264,
          0,
          -1.5046422,
          1.418001,
          1.3440075,
          1
        ]
      },
      {
        "date" : 768981664.467286,
        "title" : "Untitled",
        "transform" : [
          0.008735528,
          9.450364e-09,
          0.9999618,
          0,
          0.62096864,
          0.7838167,
          -0.0054248725,
          0,
          -0.7837868,
          0.62099236,
          0.006847175,
          0,
          -1.6869371,
          1.7930428,
          -0.14238144,
          1
        ]
      }
    ]
  },
  "sceneViewportBackgroundColors" : {

  },
  "selectedSceneRelativePath" : "Materials.usda"
}